#TABLE

20

mage~
Mag~
5
8
8
13
1
2
1
5
1
3
1
1
1
1
1
1
511
1

cleric~
Cle~
6
9
9
11
1
2
1
5
1
1
1
1
1
3
1
1
255
1

thief~
Thi~
9
13
0
0
1
3
2
0
3
1
1
1
1
1
1
1
504
1

warrior~
War~
14
18
0
0
1
5
8
0
4
0
2
2
2
1
1
1
511
1

paladin~
Pal~
12
16
4
8
1
4
2
1
2
1
1
1
1
1
1
1
5
1

ranger~
Ran~
12
16
4
8
2
5
2
1
5
1
1
2
2
1
1
1
511
1

monk~
Mon~
9
12
5
9
1
3
2
2
2
2
1
1
1
2
1
1
511
1

psionic~
Psi~
8
7
5
13
1
2
0
5
0
2
1
0
0
4
0
0
511
0

bard~
Bar~
9
13
7
10
2
4
1
2
2
1
1
1
2
2
0
0
511
0

sage~
Sag~
9
13
7
10
2
4
1
2
2
1
1
1
2
2
0
0
511
0

blank~
Bla~
9
13
7
10
2
4
1
2
2
1
1
1
2
2
0
0
511
0

blank1~
Bl1~
9
13
7
10
2
4
1
2
2
1
1
1
2
2
0
0
511
0

blank2~
Bl2~
9
13
7
10
2
4
1
2
2
1
1
1
2
2
0
0
511
0

blank3~
Bl3~
9
13
7
10
2
4
1
2
2
1
1
1
2
2
0
0
511
0

blank4~
Bl4~
9
13
7
10
2
4
1
2
2
1
1
1
2
2
0
0
511
0

blank5~
Bl5~
9
13
7
10
2
4
1
2
2
1
1
1
2
2
0
0
511
0

blank6~
Bl6~
9
13
7
10
2
4
1
2
2
1
1
1
2
2
0
0
511
0

blank7~
Bl7~
9
13
7
10
2
4
1
2
2
1
1
1
2
2
0
0
511
0

blank8~
Bl8~
9
13
7
10
2
4
1
2
2
1
1
1
2
2
0
0
511
0

blank9~
Bl9~
9
13
7
10
2
4
1
2
2
1
1
1
2
2
0
0
511
0


