#TABLE

230

appraise~
~
0
~
0
3
5
5
2
7
4
3
4
-1
0
0
0
0
0
0
0
0
0
0
0
3
5
5
3
20
23
7
13
1
1
0
0
0
0
0
0
0
0
0
0
0

assassinate~
backstab~
10
~
0
3
-1
-1
8
-1
-1
-1
-1
-1
0
0
0
0
0
0
0
0
0
0
0
-1
-1
-1
30
-1
-1
-1
-1
-1
-1
0
0
0
0
0
0
0
0
0
0
0

backstab~
sneak~
7
hide~
7
3
-1
-1
4
-1
-1
-1
-1
-1
0
0
0
0
0
0
0
0
0
0
0
-1
-2
-2
10
-2
-2
-2
-2
-2
-2
0
0
0
0
0
0
0
0
0
0
0

bandage~
~
0
~
0
3
3
2
2
2
2
2
2
4
0
0
0
0
0
0
0
0
0
0
0
2
1
1
1
1
1
1
1
1
1
0
0
0
0
0
0
0
0
0
0
0

bash~
punch~
5
~
0
3
5
5
6
3
3
3
3
5
0
0
0
0
0
0
0
0
0
0
0
4
25
20
15
5
7
7
7
10
5
0
0
0
0
0
0
0
0
0
0
0

bear grasp~
locust kick~
7
~
0
3
-1
-1
-1
-1
-1
-1
7
-1
0
0
0
0
0
0
0
0
0
0
0
-1
-1
-1
-1
-1
-1
-1
27
-1
-1
0
0
0
0
0
0
0
0
0
0
0

berserk~
second attack~
7
~
0
3
-1
-1
-1
8
-1
-1
-1
-1
0
0
0
0
0
0
0
0
0
0
0
-1
-2
-2
-2
30
-2
-2
-2
-2
-2
0
0
0
0
0
0
0
0
0
0
0

blind fighting~
trance~
7
~
0
3
-1
-1
-1
-1
-1
-1
8
-1
0
0
0
0
0
0
0
0
0
0
0
-1
-1
-1
-1
-1
-1
-1
33
-1
-1
0
0
0
0
0
0
0
0
0
0
0

camouflage~
hide~
10
sneak~
10
3
-1
-1
-1
-1
-1
-1
-1
-1
0
0
0
0
0
0
0
0
0
0
0
-1
-1
-1
-1
-1
-1
-1
-1
-1
-1
0
0
0
0
0
0
0
0
0
0
0

charge~
berserk~
10
disarm~
7
3
-1
-1
-1
15
-1
-1
-1
-1
0
0
0
0
0
0
0
0
0
0
0
-1
-1
-1
-1
60
-1
-1
-1
-1
-1
0
0
0
0
0
0
0
0
0
0
0

climb~
~
0
~
0
3
3
3
2
2
2
2
2
2
0
0
0
0
0
0
0
0
0
0
0
2
1
1
1
1
1
1
1
1
1
0
0
0
0
0
0
0
0
0
0
0

counter attack~
~
0
~
0
3
-1
-1
-1
-1
-1
-1
-1
-1
0
0
0
0
0
0
0
0
0
0
0
-1
-1
-1
-1
-1
-1
-1
-1
-1
-1
0
0
0
0
0
0
0
0
0
0
0

cover tracks~
track~
7
~
5
3
-1
-1
-1
-1
-1
5
-1
-1
0
0
0
0
0
0
0
0
0
0
0
-1
-2
-2
-2
-2
-2
99
-2
-2
-2
0
0
0
0
0
0
0
0
0
0
0

critical hit~
punch~
7
kick~
7
3
-1
-1
-1
-1
-1
-1
6
-1
0
0
0
0
0
0
0
0
0
0
0
-1
-2
-2
-2
-2
-2
-2
15
-2
-2
0
0
0
0
0
0
0
0
0
0
0

death strike~
demon slash~
10
stun~
10
3
-1
-1
-1
-1
-1
-1
25
-1
0
0
0
0
0
0
0
0
0
0
0
-1
-2
-2
-2
-2
-2
-2
80
-2
-2
0
0
0
0
0
0
0
0
0
0
0

demon slash~
dragon strike~
7
~
10
3
-1
-1
-1
-1
-1
-1
20
-1
0
0
0
0
0
0
0
0
0
0
0
-1
-2
-2
-2
-2
-2
-2
70
-2
-2
0
0
0
0
0
0
0
0
0
0
0

disarm~
parry~
7
~
3
3
-1
-1
10
6
6
7
12
-1
0
0
0
0
0
0
0
0
0
0
0
15
-2
-2
40
15
25
25
30
-2
30
0
0
0
0
0
0
0
0
0
0
0

disguise~
rescue~
7
~
9
3
-1
-1
-1
-1
-1
-1
-1
-1
0
0
0
0
0
0
0
0
0
0
0
-1
-1
-1
99
-1
-1
99
-1
-1
-1
0
0
0
0
0
0
0
0
0
0
0

dodge~
~
0
~
0
3
10
5
2
3
3
3
2
5
0
0
0
0
0
0
0
0
0
0
0
3
5
5
3
3
3
3
1
1
1
0
0
0
0
0
0
0
0
0
0
0

dragon strike~
eagle claw~
10
spin kick~
7
3
-1
-1
-1
-1
-1
-1
15
-1
0
0
0
0
0
0
0
0
0
0
0
-1
-2
-2
-2
-2
-2
-2
65
-2
-2
0
0
0
0
0
0
0
0
0
0
0

eagle claw~
stun~
7
~
0
3
-1
-1
-1
-1
-1
-1
12
-1
0
0
0
0
0
0
0
0
0
0
0
-1
-1
-1
-1
-1
-1
-1
50
-1
-1
0
0
0
0
0
0
0
0
0
0
0

eye gouge~
assassinate~
10
disarm~
7
3
-1
-1
12
-1
-1
-1
-1
-1
0
0
0
0
0
0
0
0
0
0
0
-1
-1
-1
60
-1
-1
-1
-1
-1
-1
0
0
0
0
0
0
0
0
0
0
0

fifth attack~
fourth attack~
7
~
10
3
-1
-1
-1
20
18
-1
20
-1
0
0
0
0
0
0
0
0
0
0
0
-1
-2
-2
-2
70
85
-2
75
-2
-2
0
0
0
0
0
0
0
0
0
0
0

fourth attack~
third attack~
10
guard~
7
3
-1
-1
-1
12
12
10
12
-1
0
0
0
0
0
0
0
0
0
0
0
-1
-2
-2
-2
50
60
60
55
-2
-2
0
0
0
0
0
0
0
0
0
0
0

frenzy~
rescue~
7
berserk~
10
3
-1
-1
-1
25
-1
-1
-1
-1
0
0
0
0
0
0
0
0
0
0
0
-1
-1
-1
-1
80
-1
-1
-1
-1
-1
0
0
0
0
0
0
0
0
0
0
0

garrote~
rescue~
7
~
9
3
-1
-1
10
-1
-1
7
-1
-1
0
0
0
0
0
0
0
0
0
0
0
10
-1
-1
75
-1
-1
99
-1
-1
-1
0
0
0
0
0
0
0
0
0
0
0

guard~
rescue~
7
parry~
7
3
-1
-1
25
8
7
10
12
-1
0
0
0
0
0
0
0
0
0
0
0
10
-2
-2
75
35
45
53
47
-2
60
0
0
0
0
0
0
0
0
0
0
0

haggle~
~
7
~
0
3
-1
-1
4
-1
-1
-1
-1
-1
0
0
0
0
0
0
0
0
0
0
0
3
-2
-2
13
10
-2
-2
-2
-2
10
0
0
0
0
0
0
0
0
0
0
0

heist~
steal~
8
~
0
3
-1
-1
10
-1
-1
-1
-1
-1
0
0
0
0
0
0
0
0
0
0
0
3
-2
-2
65
-1
-2
-2
-2
-2
10
0
0
0
0
0
0
0
0
0
0
0

hide~
~
0
~
0
3
-1
-1
3
-1
-1
4
-1
-1
0
0
0
0
0
0
0
0
0
0
0
5
-2
-2
5
-2
-2
10
-2
-2
5
0
0
0
0
0
0
0
0
0
0
0

inspect~
peek~
7
searching~
7
3
-1
-1
4
-1
-1
-1
-1
-1
0
0
0
0
0
0
0
0
0
0
0
-1
-2
-2
10
-2
-2
-2
-2
-2
20
0
0
0
0
0
0
0
0
0
0
0

kick~
~
5
~
3
3
5
4
4
3
3
3
2
5
0
0
0
0
0
0
0
0
0
0
0
4
10
5
5
1
5
5
1
20
5
0
0
0
0
0
0
0
0
0
0
0

lay hands~
cure light~
5
~
-1
3
-1
-1
-1
-1
4
-1
-1
-1
0
0
0
0
0
0
0
0
0
0
0
-1
-2
3
-2
-2
10
-2
-2
-2
-2
0
0
0
0
0
0
0
0
0
0
0

locust kick~
tiger paw~
7
~
0
3
-1
-1
-1
-1
-1
-1
6
-1
0
0
0
0
0
0
0
0
0
0
0
-1
-1
-1
-1
-1
-1
-1
20
-1
-1
0
0
0
0
0
0
0
0
0
0
0

meditate~
~
0
~
0
3
-1
-1
-1
-1
-1
-1
4
-1
0
0
0
0
0
0
0
0
0
0
0
-1
-2
-2
-2
-2
-2
-2
5
-2
-2
0
0
0
0
0
0
0
0
0
0
0

melee~
fourth attack~
7
rescue~
7
3
-1
-1
-1
15
15
-1
-1
-1
0
0
0
0
0
0
0
0
0
0
0
-1
-2
-2
-2
65
85
-1
-2
-2
-2
0
0
0
0
0
0
0
0
0
0
0

mounted fighting~
second attack~
10
riding~
7
3
-1
-1
-1
20
6
10
-1
-1
0
0
0
0
0
0
0
0
0
0
0
-1
-2
-2
-2
75
40
65
-2
-2
-2
0
0
0
0
0
0
0
0
0
0
0

off-hand attack~
third attack~
10
~
-1
3
-1
-1
15
10
-1
10
-1
-1
0
0
0
0
0
0
0
0
0
0
0
15
-2
-2
70
40
-1
55
-1
-2
65
0
0
0
0
0
0
0
0
0
0
0

parry~
dodge~
7
~
3
3
12
7
6
4
4
5
5
12
0
0
0
0
0
0
0
0
0
0
0
5
35
17
15
5
7
10
10
30
15
0
0
0
0
0
0
0
0
0
0
0

peek~
~
0
~
0
3
-1
-1
4
-1
-1
-1
-1
-1
0
0
0
0
0
0
0
0
0
0
0
4
-2
-2
7
-2
-2
-2
-2
-2
10
0
0
0
0
0
0
0
0
0
0
0

pick lock~
inspect~
7
~
3
3
-1
-1
5
-1
-1
-1
-1
-1
0
0
0
0
0
0
0
0
0
0
0
-1
-2
-2
15
-2
-2
-2
-2
-2
-2
0
0
0
0
0
0
0
0
0
0
0

power strike~
berserk~
7
off-hand attack~
7
3
-1
-1
-1
12
-1
-1
-1
-1
0
0
0
0
0
0
0
0
0
0
0
-1
-1
-1
-1
55
-1
-1
-1
-1
-1
0
0
0
0
0
0
0
0
0
0
0

probe~
~
6
~
6
0
-1
-1
-1
-1
-1
-1
-1
3
0
0
0
0
0
0
0
0
0
0
0
-1
-2
-2
-2
-2
-2
-2
-2
10
-2
0
0
0
0
0
0
0
0
0
0
0

punch~
unarmed~
3
~
6
3
4
3
2
2
2
2
2
4
0
0
0
0
0
0
0
0
0
0
0
2
1
1
1
1
1
1
1
1
1
0
0
0
0
0
0
0
0
0
0
0

regeneration~
lay hands~
7
~
1
3
-1
-1
-1
-1
15
-1
-1
-1
0
0
0
0
0
0
0
0
0
0
0
-1
-2
-2
-1
-1
65
-1
-1
-2
-1
0
0
0
0
0
0
0
0
0
0
0

rescue~
parry~
7
~
3
3
-1
-1
20
5
5
6
7
-1
0
0
0
0
0
0
0
0
0
0
0
6
-2
-2
60
10
15
15
20
-2
30
0
0
0
0
0
0
0
0
0
0
0

riding~
~
2
~
2
3
4
4
3
3
3
3
4
4
0
0
0
0
0
0
0
0
0
0
0
3
10
15
10
13
5
5
13
1
1
0
0
0
0
0
0
0
0
0
0
0

scan~
searching~
7
~
3
3
-1
-1
8
10
12
5
-1
-1
0
0
0
0
0
0
0
0
0
0
0
-1
-2
-2
25
45
50
30
-2
-2
-2
0
0
0
0
0
0
0
0
0
0
0

searching~
~
7
~
7
3
6
6
4
6
6
3
6
-1
0
0
0
0
0
0
0
0
0
0
0
5
1
1
1
1
1
1
1
1
1
0
0
0
0
0
0
0
0
0
0
0

second attack~
punch~
5
kick~
5
3
20
10
7
5
5
5
5
20
0
0
0
0
0
0
0
0
0
0
0
7
43
23
17
10
15
15
10
45
15
0
0
0
0
0
0
0
0
0
0
0

shadow dance~
meditate~
7
parry~
7
3
-1
-1
-1
-1
-1
-1
7
-1
0
0
0
0
0
0
0
0
0
0
0
-1
-2
-2
-2
-2
-2
-2
23
-2
-2
0
0
0
0
0
0
0
0
0
0
0

shield~
~
0
~
0
3
-1
10
10
4
4
5
8
-1
0
0
0
0
0
0
0
0
0
0
0
6
-2
33
33
7
10
15
17
-2
30
0
0
0
0
0
0
0
0
0
0
0

sneak~
~
0
~
0
3
-1
-1
2
-1
-1
4
-1
-1
0
0
0
0
0
0
0
0
0
0
0
6
-2
-2
1
-2
-2
5
-2
-2
5
0
0
0
0
0
0
0
0
0
0
0

spin kick~
locust kick~
7
tiger paw~
10
3
-1
-1
-1
-1
-1
-1
10
-1
0
0
0
0
0
0
0
0
0
0
0
-1
-2
-2
-2
-2
-2
-2
45
-2
-2
0
0
0
0
0
0
0
0
0
0
0

steal~
sneak~
7
peek~
7
3
-1
-1
7
-1
-1
-1
-1
-1
0
0
0
0
0
0
0
0
0
0
0
-1
-2
-2
27
-2
-2
-2
-2
-2
25
0
0
0
0
0
0
0
0
0
0
0

stun~
critical hit~
10
bear grasp~
10
3
-1
-1
-1
-1
-1
-1
10
-1
0
0
0
0
0
0
0
0
0
0
0
-1
-2
-2
-2
-2
-2
-2
40
-2
-2
0
0
0
0
0
0
0
0
0
0
0

sweep~
~
6
~
6
0
-1
-1
-1
-1
-1
-1
-1
5
0
0
0
0
0
0
0
0
0
0
0
-1
-2
-2
-2
-2
-2
-2
-2
30
-2
0
0
0
0
0
0
0
0
0
0
0

sweeping kick~
~
0
~
0
3
-1
-1
-1
-1
-1
-1
-1
-1
0
0
0
0
0
0
0
0
0
0
0
-1
-1
-1
-1
-1
-1
-1
-1
-1
-1
0
0
0
0
0
0
0
0
0
0
0

swimming~
~
0
~
0
3
3
3
2
2
2
2
2
3
0
0
0
0
0
0
0
0
0
0
0
2
1
1
1
1
1
1
1
1
1
0
0
0
0
0
0
0
0
0
0
0

third attack~
second attack~
10
parry~
7
3
-1
15
12
7
7
7
8
-1
0
0
0
0
0
0
0
0
0
0
0
15
-2
55
45
25
35
35
35
-2
50
0
0
0
0
0
0
0
0
0
0
0

tiger paw~
punch~
7
kick~
7
3
-1
-1
-1
-1
-1
-1
4
-1
0
0
0
0
0
0
0
0
0
0
0
-1
-2
-2
-2
-2
-2
-2
5
-2
-2
0
0
0
0
0
0
0
0
0
0
0

track~
searching~
7
~
7
3
-1
-1
10
-1
-1
4
-1
-1
0
0
0
0
0
0
0
0
0
0
0
-1
-2
-2
35
-2
-2
23
-2
-2
-2
0
0
0
0
0
0
0
0
0
0
0

trance~
meditate~
7
~
7
3
-1
-1
-1
-1
-1
-1
7
-1
0
0
0
0
0
0
0
0
0
0
0
-1
-2
-2
-2
-2
-2
-2
25
-2
-2
0
0
0
0
0
0
0
0
0
0
0

transfer energy~
trance~
10
~
0
3
-1
-1
-1
-1
-1
-1
15
-1
0
0
0
0
0
0
0
0
0
0
0
-1
-1
-1
-1
-1
-1
-1
60
-1
-1
0
0
0
0
0
0
0
0
0
0
0

trip~
kick~
7
hide~
7
3
-1
-1
7
-1
-1
-1
-1
-1
0
0
0
0
0
0
0
0
0
0
0
-1
-1
-1
50
-1
-1
-1
-1
-1
-1
0
0
0
0
0
0
0
0
0
0
0

tumble~
dodge~
10
~
0
3
-1
-1
12
-1
-1
-1
-1
-1
0
0
0
0
0
0
0
0
0
0
0
-1
-1
-1
55
-1
-1
-1
-1
-1
-1
0
0
0
0
0
0
0
0
0
0
0

untrap~
inspect~
7
pick lock~
7
3
-1
-1
6
-1
-1
-1
-1
-1
0
0
0
0
0
0
0
0
0
0
0
-1
-2
-2
20
-2
-2
-2
-2
-2
-2
0
0
0
0
0
0
0
0
0
0
0

primal~
~
0
~
0
1
0
0
0
0
0
0
0
0
0
0
0
0
0
0
0
0
0
0
0
0
1
1
1
1
1
1
1
1
1
0
0
0
0
0
0
0
0
0
0
0

humanic~
~
0
~
0
1
2
2
2
2
2
2
2
2
0
0
0
0
0
0
0
0
0
0
0
2
1
1
1
1
1
1
1
1
1
0
0
0
0
0
0
0
0
0
0
0

elvish~
~
0
~
0
1
2
2
2
2
2
2
2
2
0
0
0
0
0
0
0
0
0
0
0
2
1
1
1
1
1
1
1
1
1
0
0
0
0
0
0
0
0
0
0
0

gnomish~
~
0
~
0
1
2
2
2
2
2
2
2
2
0
0
0
0
0
0
0
0
0
0
0
2
1
1
1
1
1
1
1
1
1
0
0
0
0
0
0
0
0
0
0
0

dwarvish~
~
0
~
0
1
2
2
1
1
1
2
2
1
0
0
0
0
0
0
0
0
0
0
0
1
1
1
1
1
1
1
1
1
1
0
0
0
0
0
0
0
0
0
0
0

thennish~
~
0
~
0
1
2
2
2
2
2
2
2
2
0
0
0
0
0
0
0
0
0
0
0
2
1
1
1
1
1
1
1
1
1
0
0
0
0
0
0
0
0
0
0
0

entish~
~
0
~
0
1
3
3
3
2
3
1
3
3
0
0
0
0
0
0
0
0
0
0
0
2
1
1
1
1
1
1
1
99
1
0
0
0
0
0
0
0
0
0
0
0

centaur~
~
0
~
0
1
2
2
2
2
2
2
2
1
0
0
0
0
0
0
0
0
0
0
0
1
1
1
1
1
1
1
1
1
1
0
0
0
0
0
0
0
0
0
0
0

slisp~
~
0
~
0
1
3
3
3
3
3
3
3
3
0
0
0
0
0
0
0
0
0
0
0
3
1
1
1
1
1
1
1
1
1
0
0
0
0
0
0
0
0
0
0
0

ogrish~
~
0
~
0
1
2
2
2
2
2
2
2
2
0
0
0
0
0
0
0
0
0
0
0
2
1
1
1
1
1
1
1
1
1
0
0
0
0
0
0
0
0
0
0
0

trollish~
~
0
~
0
1
2
2
2
2
2
2
2
2
0
0
0
0
0
0
0
0
0
0
0
2
1
1
1
1
1
1
1
1
0
0
0
0
0
0
0
0
0
0
0
0

orcish~
~
0
~
0
1
2
2
2
2
2
2
2
2
0
0
0
0
0
0
0
0
0
0
0
2
1
1
1
1
1
1
1
1
1
0
0
0
0
0
0
0
0
0
0
0

goblish~
~
0
~
0
1
2
2
2
2
2
2
2
2
0
0
0
0
0
0
0
0
0
0
0
2
1
1
1
1
1
1
1
1
1
0
0
0
0
0
0
0
0
0
0
0

vyanian~
~
0
~
0
1
2
2
2
2
2
2
2
2
0
0
0
0
0
0
0
0
0
0
0
2
1
1
1
1
1
1
1
1
1
0
0
0
0
0
0
0
0
0
0
0

amnesia~
~
7
~
7
2
-1
-1
-1
-1
-1
-1
-1
-1
0
0
0
0
0
0
0
0
0
0
0
-1
0
0
0
0
0
0
0
0
0
0
0
0
0
0
0
0
0
0
0
0

animate clay~
animate dead~
7
heal~
5
2
-1
8
-1
-1
-1
-1
-1
-1
0
0
0
0
0
0
0
0
0
0
0
-1
-2
45
-2
-2
-2
-2
-2
-2
-2
0
0
0
0
0
0
0
0
0
0
0

animate dead~
~
0
~
0
2
-1
5
-1
-1
-1
-1
-1
-1
0
0
0
0
0
0
0
0
0
0
0
-1
-2
17
-2
-2
-2
-2
-2
-2
-2
0
0
0
0
0
0
0
0
0
0
0

armor~
~
0
~
0
2
-1
2
-1
-1
4
-1
-1
-1
0
0
0
0
0
0
0
0
0
0
0
-1
-2
1
-2
-2
3
-2
-2
-2
-2
0
0
0
0
0
0
0
0
0
0
0

banishment~
turn undead~
7
~
0
2
-1
9
-1
-1
-1
-1
-1
-1
0
0
0
0
0
0
0
0
0
0
0
-1
-1
60
-1
-1
-1
-1
-1
-1
-1
0
0
0
0
0
0
0
0
0
0
0

barkskin~
~
0
~
0
2
-1
-1
-1
-1
-1
7
-1
-1
0
0
0
0
0
0
0
0
0
0
0
-1
-1
-1
-1
-1
-1
30
-1
-1
-1
0
0
0
0
0
0
0
0
0
0
0

bless~
armor~
5
~
6
2
-1
2
-1
-1
4
-1
-1
-1
0
0
0
0
0
0
0
0
0
0
0
-1
-2
1
-2
-2
10
-2
-2
-2
-2
0
0
0
0
0
0
0
0
0
0
0

blind~
~
7
~
7
2
4
-1
-1
-1
-1
6
-1
-1
0
0
0
0
0
0
0
0
0
0
0
6
23
-2
-2
-2
-2
27
-2
-2
30
0
0
0
0
0
0
0
0
0
0
0

blinding light~
create light~
7
~
9
2
3
-1
-1
-1
-1
-1
-1
-1
0
0
0
0
0
0
0
0
0
0
0
-1
13
-2
-2
-2
-2
-2
-2
-2
-2
0
0
0
0
0
0
0
0
0
0
0

blink~
~
25
~
7
2
6
-1
-1
-1
-1
-1
-1
6
0
0
0
0
0
0
0
0
0
0
0
-1
30
-2
-2
-2
-2
-2
-2
20
-2
0
0
0
0
0
0
0
0
0
0
0

burning hands~
~
7
~
7
2
3
-1
-1
-1
-1
5
-1
-1
0
0
0
0
0
0
0
0
0
0
0
5
5
-2
-2
-2
-2
17
-2
-2
15
0
0
0
0
0
0
0
0
0
0
0

call lightning~
cause critical~
7
~
0
2
-1
7
-1
-1
-1
-1
-1
-1
0
0
0
0
0
0
0
0
0
0
0
-1
-1
43
-1
-1
-1
-1
-1
-1
-1
0
0
0
0
0
0
0
0
0
0
0

calm~
~
0
~
0
2
3
3
-1
-1
4
3
-1
3
0
0
0
0
0
0
0
0
0
0
0
5
1
7
-2
-2
13
3
-2
1
15
0
0
0
0
0
0
0
0
0
0
0

cause critical~
cause serious~
7
cure critical~
7
2
-1
6
-1
-1
-1
-1
-1
-1
0
0
0
0
0
0
0
0
0
0
0
-1
-2
25
-2
-2
-2
-2
-2
-2
-2
0
0
0
0
0
0
0
0
0
0
0

cause light~
cure light~
3
~
7
2
-1
3
-1
-1
-1
-1
-1
-1
0
0
0
0
0
0
0
0
0
0
0
-1
-2
3
-2
-2
-1
-2
-2
-2
-2
0
0
0
0
0
0
0
0
0
0
0

cause serious~
cause light~
7
cure serious~
7
2
-1
5
-1
-1
-1
-1
-1
-1
0
0
0
0
0
0
0
0
0
0
0
-1
-2
15
-2
-2
-1
-2
-2
-2
-2
0
0
0
0
0
0
0
0
0
0
0

chain lightning~
lightning bolt~
10
~
7
2
8
-1
-1
-1
-1
-1
-1
-1
0
0
0
0
0
0
0
0
0
0
0
-1
45
-2
-2
-2
-2
-2
-2
-2
-2
0
0
0
0
0
0
0
0
0
0
0

chilling touch~
~
5
~
5
2
3
-1
-1
-1
-1
-1
-1
-1
0
0
0
0
0
0
0
0
0
0
0
5
5
-2
-2
-2
-2
-2
-2
-2
10
0
0
0
0
0
0
0
0
0
0
0

confuse~
hallucinate~
10
~
7
2
15
-1
-1
-1
-1
-1
-1
7
0
0
0
0
0
0
0
0
0
0
0
-1
99
-2
-2
-2
-2
-2
-2
30
-2
0
0
0
0
0
0
0
0
0
0
0

continual light~
create light~
10
~
5
2
4
5
-1
-1
7
7
-1
7
0
0
0
0
0
0
0
0
0
0
0
-1
27
27
-2
-2
40
40
-2
45
-2
0
0
0
0
0
0
0
0
0
0
0

create feast~
create food~
7
~
5
2
-1
3
-1
-1
15
-1
-1
-1
0
0
0
0
0
0
0
0
0
0
0
-1
-2
37
-2
-2
70
-2
-2
-2
-2
0
0
0
0
0
0
0
0
0
0
0

create food~
create water~
7
~
5
2
3
2
-1
-1
4
3
-1
-1
0
0
0
0
0
0
0
0
0
0
0
4
5
5
-2
-2
15
10
-2
1
15
0
0
0
0
0
0
0
0
0
0
0

create light~
~
0
~
0
2
2
2
-1
-1
2
2
-1
2
0
0
0
0
0
0
0
0
0
0
0
2
1
1
-2
-2
5
5
-2
1
5
0
0
0
0
0
0
0
0
0
0
0

create water~
create light~
7
~
5
2
3
2
-1
-1
3
3
-1
-1
0
0
0
0
0
0
0
0
0
0
0
4
3
3
-2
-2
10
7
-2
10
5
0
0
0
0
0
0
0
0
0
0
0

cure blindness~
~
7
~
5
2
-1
4
-1
-1
6
6
-1
-1
0
0
0
0
0
0
0
0
0
0
0
-1
-2
10
-2
-2
33
30
-2
-2
-2
0
0
0
0
0
0
0
0
0
0
0

cure critical~
cure serious~
7
holy wrath~
7
2
-1
5
-1
-1
15
-1
-1
-1
0
0
0
0
0
0
0
0
0
0
0
-1
-2
25
-2
-2
55
-2
-2
-2
-2
0
0
0
0
0
0
0
0
0
0
0

cure disease~
cure poison~
7
cure blindness~
7
2
-1
5
-1
-1
8
-1
-1
-1
0
0
0
0
0
0
0
0
0
0
0
-1
-2
23
-2
-2
45
-2
-2
-2
-2
0
0
0
0
0
0
0
0
0
0
0

cure light~
~
0
~
0
2
-1
2
-1
-1
4
-1
-1
-1
0
0
0
0
0
0
0
0
0
0
0
-1
-2
1
-2
-2
7
-2
-2
-2
-2
0
0
0
0
0
0
0
0
0
0
0

cure poison~
~
5
~
4
2
-1
4
-1
-1
6
5
-1
-1
0
0
0
0
0
0
0
0
0
0
0
-1
-2
7
-2
-2
23
15
-2
-2
-2
0
0
0
0
0
0
0
0
0
0
0

cure serious~
cure light~
7
bless~
7
2
-1
5
-1
-1
6
-1
-1
-1
0
0
0
0
0
0
0
0
0
0
0
-1
-2
10
-2
-2
25
-2
-2
-2
-2
0
0
0
0
0
0
0
0
0
0
0

curse~
bless~
5
~
7
2
-1
3
-1
-1
4
-1
-1
-1
0
0
0
0
0
0
0
0
0
0
0
-1
-2
3
-2
-2
17
-2
-2
-2
-2
0
0
0
0
0
0
0
0
0
0
0

detect evil~
~
3
~
7
2
-1
3
-1
-1
5
-1
-1
3
0
0
0
0
0
0
0
0
0
0
0
-1
-2
5
-2
-2
20
-2
-2
3
-2
0
0
0
0
0
0
0
0
0
0
0

detect good~
~
3
~
7
2
-1
3
-1
-1
5
-1
-1
3
0
0
0
0
0
0
0
0
0
0
0
-1
-2
5
-2
-2
20
-2
-2
3
-2
0
0
0
0
0
0
0
0
0
0
0

detect hidden~
create light~
7
detect magic~
7
2
4
-1
-1
-1
-1
6
-1
4
0
0
0
0
0
0
0
0
0
0
0
-1
10
-2
-2
-2
-2
27
-2
5
30
0
0
0
0
0
0
0
0
0
0
0

detect invisible~
detect hidden~
7
~
7
2
5
-1
-1
-1
-1
-1
-1
3
0
0
0
0
0
0
0
0
0
0
0
-1
25
-2
-2
-2
-2
-2
-2
10
-2
0
0
0
0
0
0
0
0
0
0
0

detect magic~
~
0
~
0
2
2
-1
-1
-1
-1
5
-1
4
0
0
0
0
0
0
0
0
0
0
0
4
1
-2
-2
-2
-2
17
-2
1
10
0
0
0
0
0
0
0
0
0
0
0

displace~
fire shield~
7
eagle eye~
7
2
7
-1
-1
-1
-1
-1
-1
-1
0
0
0
0
0
0
0
0
0
0
0
-1
30
-2
-2
-2
-2
-2
-2
-2
-2
0
0
0
0
0
0
0
0
0
0
0

drain life~
cause critical~
7
~
0
2
-1
6
-1
-1
-1
-1
-1
-1
0
0
0
0
0
0
0
0
0
0
0
-1
-1
37
-2
-2
-1
-2
-2
-2
-2
0
0
0
0
0
0
0
0
0
0
0

eagle eye~
detect hidden~
7
~
7
2
5
-1
-1
-1
-1
-1
-1
2
0
0
0
0
0
0
0
0
0
0
0
-1
27
-2
-2
-2
-2
-2
-2
20
-2
0
0
0
0
0
0
0
0
0
0
0

faerie fire~
create light~
7
burning hands~
3
2
3
-1
-1
-1
-1
4
-1
-1
0
0
0
0
0
0
0
0
0
0
0
4
7
-2
-2
-2
-2
23
-2
-2
15
0
0
0
0
0
0
0
0
0
0
0

fear~
sleep~
7
~
0
2
9
-1
-1
-1
-1
15
-1
-1
0
0
0
0
0
0
0
0
0
0
0
-1
60
-1
-1
-1
-1
85
-1
-1
-1
0
0
0
0
0
0
0
0
0
0
0

find familiar~
detect magic~
7
lesser summoning~
5
2
5
-1
-1
-1
-1
-1
-1
-1
0
0
0
0
0
0
0
0
0
0
0
-1
20
-2
-2
-2
-2
-2
-2
-2
-2
0
0
0
0
0
0
0
0
0
0
0

fire shield~
faerie fire~
7
mystic shield~
7
2
5
-1
-1
-1
-1
-1
-1
-1
0
0
0
0
0
0
0
0
0
0
0
-1
20
-2
-2
-2
-2
-2
-2
-2
-2
0
0
0
0
0
0
0
0
0
0
0

fireball~
blinding light~
7
burning hands~
7
2
4
-1
-1
-1
-1
-1
-1
-1
0
0
0
0
0
0
0
0
0
0
0
-1
15
-2
-2
-2
-2
-2
-2
-2
-2
0
0
0
0
0
0
0
0
0
0
0

freeze~
chilling touch~
7
~
5
2
5
-1
-1
-1
-1
-1
-1
-1
0
0
0
0
0
0
0
0
0
0
0
-1
17
-2
-2
-2
-2
-2
-2
-2
-2
0
0
0
0
0
0
0
0
0
0
0

gift of tongues~
~
0
~
0
2
-1
8
-1
-1
12
-1
-1
3
0
0
0
0
0
0
0
0
0
0
0
-1
-2
40
-2
-2
57
-2
-2
15
-2
0
0
0
0
0
0
0
0
0
0
0

greater animation~
animate dead~
8
~
0
2
-1
6
-1
-1
-1
-1
-1
-1
0
0
0
0
0
0
0
0
0
0
0
-1
-1
35
-1
-1
-1
-1
-1
-1
-1
0
0
0
0
0
0
0
0
0
0
0

hallucinate~
mists of sleep~
7
~
0
2
7
-1
-1
-1
-1
-1
-1
3
0
0
0
0
0
0
0
0
0
0
0
-1
99
-2
-2
-2
-2
-2
-2
-2
-2
0
0
0
0
0
0
0
0
0
0
0

harm~
cause critical~
7
heal~
7
2
-1
8
-1
-1
-1
-1
-1
-1
0
0
0
0
0
0
0
0
0
0
0
-1
-2
55
-2
-2
-2
-2
-2
-2
-2
0
0
0
0
0
0
0
0
0
0
0

hawks view~
detect hidden~
5
infravision~
7
2
-1
-1
-1
-1
-1
7
-1
-1
0
0
0
0
0
0
0
0
0
0
0
-1
-2
-1
-2
-2
-2
43
-2
-2
-2
0
0
0
0
0
0
0
0
0
0
0

heal~
cure critical~
10
~
8
2
-1
8
-1
-1
18
-1
-1
-1
0
0
0
0
0
0
0
0
0
0
0
-1
-2
45
-2
-2
85
-2
-2
-2
-2
0
0
0
0
0
0
0
0
0
0
0

holy wrath~
bless~
7
~
7
2
-1
3
-1
-1
6
-1
-1
-1
0
0
0
0
0
0
0
0
0
0
0
-1
-2
5
-2
-2
27
-2
-2
-2
-2
0
0
0
0
0
0
0
0
0
0
0

ice storm~
freeze~
7
~
5
2
8
-1
-1
-1
-1
-1
-1
-1
0
0
0
0
0
0
0
0
0
0
0
-1
47
-2
-2
-2
-2
-2
-2
-2
-2
0
0
0
0
0
0
0
0
0
0
0

identify~
detect hidden~
7
eagle eye~
7
2
8
-1
-1
-1
-1
-1
-1
-1
0
0
0
0
0
0
0
0
0
0
0
-1
35
-2
-2
-2
-2
-2
-2
30
-2
0
0
0
0
0
0
0
0
0
0
0

ignite weapon~
burning hands~
7
detect magic~
7
2
4
-1
-1
-1
-1
-1
-1
-1
0
0
0
0
0
0
0
0
0
0
0
6
33
-2
-2
-2
-2
-2
-2
-2
45
0
0
0
0
0
0
0
0
0
0
0

infravision~
~
7
~
7
2
5
-1
-1
-1
-1
5
-1
5
0
0
0
0
0
0
0
0
0
0
0
7
17
-2
-2
-2
-2
25
-2
10
25
0
0
0
0
0
0
0
0
0
0
0

invisibility~
detect invisible~
5
displace~
7
2
8
-1
-1
-1
-1
-1
-1
-1
0
0
0
0
0
0
0
0
0
0
0
-1
53
-2
-2
-2
-2
-2
-2
-2
-2
0
0
0
0
0
0
0
0
0
0
0

lightning bolt~
fireball~
10
shock~
7
2
6
-1
-1
-1
-1
-1
-1
-1
0
0
0
0
0
0
0
0
0
0
0
-1
20
-2
-2
-2
-2
-2
-2
-2
-2
0
0
0
0
0
0
0
0
0
0
0

locust swarm~
calm~
7
~
7
2
-1
6
-1
-1
-1
-1
-1
-1
0
0
0
0
0
0
0
0
0
0
0
-1
-2
99
-2
-2
-1
-2
-2
-2
-2
0
0
0
0
0
0
0
0
0
0
0

magic mapping~
~
7
~
7
2
-1
-1
-1
-1
-1
-1
-1
-1
0
0
0
0
0
0
0
0
0
0
0
-1
0
0
0
0
0
0
0
0
0
0
0
0
0
0
0
0
0
0
0
0

magic missile~
~
3
~
5
2
3
-1
-1
-1
-1
-1
-1
-2
0
0
0
0
0
0
0
0
0
0
0
-1
1
-2
-2
-2
-2
-2
-2
-2
-2
0
0
0
0
0
0
0
0
0
0
0

mind blade~
chilling touch~
9
heal~
9
0
-1
-1
-1
-1
-1
-1
-1
3
0
0
0
0
0
0
0
0
0
0
0
-1
-2
-2
-2
-2
-2
-2
-2
45
-2
0
0
0
0
0
0
0
0
0
0
0

minor enchantment~
continual light~
5
identify~
5
2
8
-1
-1
-1
-1
-1
-1
-1
0
0
0
0
0
0
0
0
0
0
0
-1
37
-2
-2
-2
-2
-2
-2
-2
-2
0
0
0
0
0
0
0
0
0
0
0

mists of sleep~
sleep~
10
~
7
2
7
-1
-1
-1
-1
-1
-1
5
0
0
0
0
0
0
0
0
0
0
0
-1
33
-2
-2
-2
-2
-2
-2
20
-2
0
0
0
0
0
0
0
0
0
0
0

mystic shield~
~
10
~
7
2
4
-1
-1
-1
-1
-1
-1
-1
0
0
0
0
0
0
0
0
0
0
0
-1
7
-2
-2
-2
-2
-2
-2
-2
-2
0
0
0
0
0
0
0
0
0
0
0

neutralize~
cure disease~
7
~
7
2
-1
6
-1
-1
12
-1
-1
-1
0
0
0
0
0
0
0
0
0
0
0
-1
-2
27
-2
-2
67
-2
-2
-2
-2
0
0
0
0
0
0
0
0
0
0
0

ogre strength~
vitality~
7
~
0
2
5
-1
-1
-1
-1
-1
-1
-1
0
0
0
0
0
0
0
0
0
0
0
-1
15
-2
-2
-2
-2
-2
-2
-2
-2
0
0
0
0
0
0
0
0
0
0
0

poison cloud~
web~
10
~
7
2
8
-1
-1
-1
-1
-1
-1
-1
0
0
0
0
0
0
0
0
0
0
0
-1
99
-2
-2
-2
-2
-2
-2
-2
-2
0
0
0
0
0
0
0
0
0
0
0

polymorph~
~
0
~
0
2
-1
-1
-1
-1
-1
-1
-1
-1
0
0
0
0
0
0
0
0
0
0
0
-1
0
0
0
0
0
0
0
0
0
0
0
0
0
0
0
0
0
0
0
0

protect life~
restoration~
10
cure disease~
7
2
-1
15
-1
-1
-1
-1
-1
-1
0
0
0
0
0
0
0
0
0
0
0
-1
-2
80
-2
-2
-2
-2
-2
-2
-2
0
0
0
0
0
0
0
0
0
0
0

protection plants~
~
7
~
7
2
-1
-1
-1
-1
-1
8
-1
-1
0
0
0
0
0
0
0
0
0
0
0
-1
-2
-2
-2
-2
-2
50
-2
-2
-2
0
0
0
0
0
0
0
0
0
0
0

recall~
~
7
~
7
2
-1
-1
-1
-1
-1
-1
-1
-1
0
0
0
0
0
0
0
0
0
0
0
-1
0
0
0
0
0
0
0
0
0
0
0
0
0
0
0
0
0
0
0
0

remove curse~
bless~
7
curse~
7
2
-1
5
-1
-1
8
-1
-1
-1
0
0
0
0
0
0
0
0
0
0
0
-1
-2
17
-2
-2
47
-2
-2
-2
-2
0
0
0
0
0
0
0
0
0
0
0

replicate~
minor enchantment~
7
continual light~
7
2
8
-1
-1
-1
-1
-1
-1
-1
0
0
0
0
0
0
0
0
0
0
0
-1
45
-2
-2
-2
-2
-2
-2
-2
-2
0
0
0
0
0
0
0
0
0
0
0

revitalize~
create food~
7
~
7
2
-1
5
-1
-1
8
-1
-1
-1
0
0
0
0
0
0
0
0
0
0
0
-1
-2
13
-2
-2
40
-2
-2
-2
-2
0
0
0
0
0
0
0
0
0
0
0

sanctify~
remove curse~
7
continual light~
5
2
-1
6
-1
-1
12
-1
-1
-1
0
0
0
0
0
0
0
0
0
0
0
-1
-2
33
-2
-2
63
-2
-2
-2
-2
0
0
0
0
0
0
0
0
0
0
0

sense life~
augury~
5
~
0
2
-1
5
-1
-1
-1
-1
-1
2
0
0
0
0
0
0
0
0
0
0
0
-1
-2
25
-2
-2
-2
-2
-2
5
-2
0
0
0
0
0
0
0
0
0
0
0

shock~
~
0
~
0
2
3
-1
-1
-1
-1
4
-1
-1
0
0
0
0
0
0
0
0
0
0
0
4
3
-2
-2
-2
-2
13
0
-2
15
0
0
0
0
0
0
0
0
0
0
0

silence~
~
0
~
0
2
-1
6
-1
-1
-1
-1
-1
6
0
0
0
0
0
0
0
0
0
0
0
-1
-2
30
-2
-2
-2
-2
-2
30
-2
0
0
0
0
0
0
0
0
0
0
0

slay~
harm~
10
~
7
2
-1
10
-1
-1
-1
-1
-1
-1
0
0
0
0
0
0
0
0
0
0
0
-1
-2
75
-2
-2
-2
-2
-2
-2
-2
0
0
0
0
0
0
0
0
0
0
0

sleep~
slow~
7
~
7
2
5
-1
-1
-1
-1
8
-1
3
0
0
0
0
0
0
0
0
0
0
0
6
20
-2
-2
-2
-2
40
-2
10
40
0
0
0
0
0
0
0
0
0
0
0

slow~
calm~
7
~
0
2
4
-1
-1
-1
-1
4
-1
2
0
0
0
0
0
0
0
0
0
0
0
3
13
-2
-2
-2
-2
20
-2
5
15
0
0
0
0
0
0
0
0
0
0
0

summon~
~
0
~
0
2
-1
5
-1
-1
-1
-1
-1
-1
0
0
0
0
0
0
0
0
0
0
0
-1
-2
23
-2
-2
-2
-2
-2
-2
-2
0
0
0
0
0
0
0
0
0
0
0

tame~
calm~
7
~
7
2
-1
-1
-1
-1
-1
4
-1
-1
0
0
0
0
0
0
0
0
0
0
0
4
-2
-2
-2
-2
-2
5
-2
-2
15
0
0
0
0
0
0
0
0
0
0
0

true sight~
sense life~
7
continual light~
5
2
-1
8
-1
-1
-1
-1
-1
6
0
0
0
0
0
0
0
0
0
0
0
-1
-2
50
-2
-2
-2
-2
-2
30
-2
0
0
0
0
0
0
0
0
0
0
0

turn undead~
holy wrath~
7
~
0
2
-1
5
-1
-1
8
-1
-1
-1
0
0
0
0
0
0
0
0
0
0
0
-1
-1
13
-1
-1
43
-1
-1
-1
-1
0
0
0
0
0
0
0
0
0
0
0

vitality~
~
7
~
7
2
4
-1
-1
-1
-1
-1
-1
-1
0
0
0
0
0
0
0
0
0
0
0
-1
7
-2
-2
-2
-2
-2
-2
-2
-2
0
0
0
0
0
0
0
0
0
0
0

web~
~
5
~
5
2
3
-1
-1
-1
-1
4
-1
-1
0
0
0
0
0
0
0
0
0
0
0
4
7
-2
-2
-2
-2
15
-2
-2
10
0
0
0
0
0
0
0
0
0
0
0

astral gate~
float~
5
~
5
2
8
-1
-1
-1
-1
-1
-1
-1
0
0
0
0
0
0
0
0
0
0
0
-1
43
-2
-2
-2
-2
-2
-2
-2
-2
0
0
0
0
0
0
0
0
0
0
0

float~
continual light~
5
~
5
2
8
6
-1
-1
-1
-1
-1
-1
0
0
0
0
0
0
0
0
0
0
0
-1
40
40
-2
-2
-1
-2
-2
-2
-2
0
0
0
0
0
0
0
0
0
0
0

pass door~
~
5
~
5
2
-1
-1
-1
-1
-1
-1
-1
-1
0
0
0
0
0
0
0
0
0
0
0
-1
-2
-2
-2
-2
-2
-2
-2
-2
-2
0
0
0
0
0
0
0
0
0
0
0

acid blast~
~
5
~
5
2
6
-1
-1
-1
-1
9
-1
-1
0
0
0
0
0
0
0
0
0
0
0
-1
25
-2
-2
-2
-2
45
-2
-2
-2
0
0
0
0
0
0
0
0
0
0
0

acid storm~
acid blast~
7
~
5
2
9
-1
-1
-1
-1
-1
-1
-1
0
0
0
0
0
0
0
0
0
0
0
-1
55
-2
-2
-2
-2
-2
-2
-2
-2
0
0
0
0
0
0
0
0
0
0
0

fly~
~
5
~
5
2
-1
-1
-1
-1
-1
-1
-1
-1
0
0
0
0
0
0
0
0
0
0
0
-1
-2
-2
-2
-2
-2
-2
-2
-2
-2
0
0
0
0
0
0
0
0
0
0
0

haste~
~
5
~
5
2
6
-1
-1
-1
-1
-1
-1
-1
0
0
0
0
0
0
0
0
0
0
0
-1
23
-2
-2
-2
-2
-2
-2
-2
-2
0
0
0
0
0
0
0
0
0
0
0

prismic missile~
magic missile~
8
~
5
2
8
-1
-1
-1
-1
-1
-1
-1
0
0
0
0
0
0
0
0
0
0
0
-1
40
-2
-2
-2
-2
-2
-2
-2
-2
0
0
0
0
0
0
0
0
0
0
0

maelstrom~
magic missile~
10
~
0
2
7
-1
-1
-1
-1
-1
-1
-1
0
0
0
0
0
0
0
0
0
0
0
-1
30
-2
-2
-2
-2
-2
-2
-2
-2
0
0
0
0
0
0
0
0
0
0
0

resurrection~
~
5
~
5
2
-1
-1
-1
-1
-1
-1
-1
-1
0
0
0
0
0
0
0
0
0
0
0
-1
-2
-2
-2
-2
-2
-2
-2
-2
-2
0
0
0
0
0
0
0
0
0
0
0

balm~
tame~
7
~
5
2
-1
-1
-1
-1
-1
4
-1
-1
0
0
0
0
0
0
0
0
0
0
0
-1
-2
-2
-2
-2
-2
13
-2
-2
-2
0
0
0
0
0
0
0
0
0
0
0

surcease~
balm~
10
~
5
2
-1
-1
-1
-1
-1
7
-1
-1
0
0
0
0
0
0
0
0
0
0
0
-1
-2
-2
-2
-2
-2
35
-2
-2
-2
0
0
0
0
0
0
0
0
0
0
0

lesser summoning~
~
5
~
5
2
3
-1
-1
-1
-1
-1
-1
-1
0
0
0
0
0
0
0
0
0
0
0
-1
3
-2
-2
-2
-2
-2
-2
-2
-2
0
0
0
0
0
0
0
0
0
0
0

request ally~
find familiar~
7
~
5
2
12
-1
-1
-1
-1
-1
-1
-1
0
0
0
0
0
0
0
0
0
0
0
-1
75
-2
-2
-2
-2
-2
-2
-2
-2
0
0
0
0
0
0
0
0
0
0
0

sense danger~
~
5
~
5
2
-1
-1
-1
-1
-1
-1
-1
-1
0
0
0
0
0
0
0
0
0
0
0
-1
-2
-2
-2
-2
-2
-2
-2
-2
-2
0
0
0
0
0
0
0
0
0
0
0

restoration~
heal~
10
~
5
2
-1
12
-1
-1
21
-1
-1
-1
0
0
0
0
0
0
0
0
0
0
0
-1
-2
70
-2
-2
115
-2
-2
-2
-2
0
0
0
0
0
0
0
0
0
0
0

flame strike~
fireball~
10
~
5
2
9
-1
-1
-1
-1
-1
-1
-1
0
0
0
0
0
0
0
0
0
0
0
-1
50
-2
-2
-2
-2
-2
-2
-2
-2
0
0
0
0
0
0
0
0
0
0
0

resist fire~
resist cold~
7
~
5
2
-1
9
-1
-1
-1
8
-1
-1
0
0
0
0
0
0
0
0
0
0
0
-1
-2
57
-2
-2
-2
57
-2
-2
-2
0
0
0
0
0
0
0
0
0
0
0

resist cold~
resist acid~
7
~
5
2
-1
8
-1
-1
-1
7
-1
-1
0
0
0
0
0
0
0
0
0
0
0
-1
-2
53
-2
-2
-2
47
-2
-2
-2
0
0
0
0
0
0
0
0
0
0
0

invulnerability~
float~
7
~
7
2
8
8
-1
-1
-1
-1
-1
-1
0
0
0
0
0
0
0
0
0
0
0
-1
47
50
-2
-2
-2
-2
-2
-2
-2
0
0
0
0
0
0
0
0
0
0
0

transfer~
~
5
~
5
2
-1
-1
-1
-1
-1
-1
-1
-1
0
0
0
0
0
0
0
0
0
0
0
-1
-2
-2
-2
-2
-2
-2
-2
-2
-2
0
0
0
0
0
0
0
0
0
0
0

protect evil~
detect evil~
7
~
5
2
-1
-1
-1
-1
12
-1
-1
-1
0
0
0
0
0
0
0
0
0
0
0
-1
-2
-2
-2
-2
65
-2
-2
-2
-2
0
0
0
0
0
0
0
0
0
0
0

protect good~
detect good~
7
~
5
2
-1
-1
-1
-1
12
-1
-1
-1
0
0
0
0
0
0
0
0
0
0
0
-1
-2
-2
-2
-2
65
-2
-2
-2
-2
0
0
0
0
0
0
0
0
0
0
0

wizard lock~
~
5
~
5
2
-1
-1
-1
-1
-1
-1
-1
-1
0
0
0
0
0
0
0
0
0
0
0
-1
-2
-2
-2
-2
-2
-2
-2
-2
-2
0
0
0
0
0
0
0
0
0
0
0

youth~
~
5
~
5
2
-1
-1
-1
-1
-1
-1
-1
-1
0
0
0
0
0
0
0
0
0
0
0
-1
-2
-2
-2
-2
-2
-2
-2
-2
-2
0
0
0
0
0
0
0
0
0
0
0

major enchantment~
minor enchantment~
10
~
5
2
10
-1
-1
-1
-1
-1
-1
-1
0
0
0
0
0
0
0
0
0
0
0
-1
65
-2
-2
-2
-2
-2
-2
-2
-2
0
0
0
0
0
0
0
0
0
0
0

augury~
~
5
~
5
2
-1
3
-1
-1
-1
-1
-1
-1
0
0
0
0
0
0
0
0
0
0
0
-1
-2
17
-2
-2
-2
-2
-2
-2
-2
0
0
0
0
0
0
0
0
0
0
0

resist acid~
~
5
~
5
2
-1
7
-1
-1
-1
7
-1
-1
0
0
0
0
0
0
0
0
0
0
0
-1
-2
43
-2
-2
-2
37
-2
-2
-2
0
0
0
0
0
0
0
0
0
0
0

resist shock~
resist fire~
7
~
5
2
-1
10
-1
-1
-1
10
-1
-1
0
0
0
0
0
0
0
0
0
0
0
-1
-2
67
-2
-2
-2
63
-2
-2
-2
0
0
0
0
0
0
0
0
0
0
0

thorn shield~
barkskin~
7
~
5
2
-1
-1
-1
-1
-1
8
-1
-1
0
0
0
0
0
0
0
0
0
0
0
-1
-1
-1
-1
-1
-1
43
-1
-1
-1
0
0
0
0
0
0
0
0
0
0
0

ice lance~
ice storm~
7
~
1
2
10
-1
-1
-1
-1
-1
-1
-1
0
0
0
0
0
0
0
0
0
0
0
-1
73
-1
-1
-1
-1
-1
-1
-1
-1
0
0
0
0
0
0
0
0
0
0
0

ion shield~
chain lightning~
7
fire shield~
7
2
10
-1
-1
-1
-1
-1
-1
-1
0
0
0
0
0
0
0
0
0
0
0
-1
70
-1
-1
-1
-1
-1
-1
-1
-1
0
0
0
0
0
0
0
0
0
0
0

meteor swarm~
prismic missile~
10
~
0
2
15
-1
-1
-1
-1
-1
-1
-1
0
0
0
0
0
0
0
0
0
0
0
-1
85
-1
-1
-1
-1
-1
-1
-1
-1
0
0
0
0
0
0
0
0
0
0
0

group critical~
group serious~
10
cure critical~
10
2
-1
10
-1
-1
18
-1
-1
-1
0
0
0
0
0
0
0
0
0
0
0
-1
-1
65
-1
-1
80
-1
-1
-1
-1
0
0
0
0
0
0
0
0
0
0
0

group serious~
cure serious~
10
~
1
2
-1
6
-1
-1
10
-1
-1
-1
0
0
0
0
0
0
0
0
0
0
0
-1
-1
27
-1
-1
40
-1
-1
-1
-1
0
0
0
0
0
0
0
0
0
0
0

purify~
sanctify~
7
~
-1
2
-1
7
-1
-1
15
-1
-1
-1
0
0
0
0
0
0
0
0
0
0
0
-1
-1
47
-1
-1
83
-1
-1
-1
-1
0
0
0
0
0
0
0
0
0
0
0

water breathing~
~
5
~
5
2
-1
-1
-1
-1
-1
7
-1
-1
0
0
0
0
0
0
0
0
0
0
0
-1
-2
-2
-2
-2
-2
33
-2
-2
-2
0
0
0
0
0
0
0
0
0
0
0

wither~
acid blast~
7
~
7
2
-1
-1
-1
-1
-1
12
-1
-1
0
0
0
0
0
0
0
0
0
0
0
-1
-1
-1
-1
-1
-1
70
-1
-1
-1
0
0
0
0
0
0
0
0
0
0
0

construct golem~
gift of tongues~
5
~
0
2
-1
-1
-1
-1
-1
-1
-1
-1
0
0
0
0
0
0
0
0
0
0
0
-1
-1
-1
-1
-1
-1
-1
-1
-1
-1
0
0
0
0
0
0
0
0
0
0
0

conflagration~
flame strike~
10
~
7
2
12
-1
-1
-1
-1
-1
-1
-1
0
0
0
0
0
0
0
0
0
0
0
-1
80
-1
-1
-1
-1
-1
-1
-1
-1
0
0
0
0
0
0
0
0
0
0
0

conjure elemental~
continual light~
7
resist shock~
7
2
-1
-1
-1
-1
-1
15
-1
-1
0
0
0
0
0
0
0
0
0
0
0
-1
-1
-1
-1
-1
-1
80
-1
-1
-1
0
0
0
0
0
0
0
0
0
0
0

poultice~
surcease~
10
cure poison~
7
2
-1
-1
-1
-1
-1
10
-1
-1
0
0
0
0
0
0
0
0
0
0
0
-1
-1
-1
-1
-1
-1
67
-1
-1
-1
0
0
0
0
0
0
0
0
0
0
0

scry~
summon~
7
true sight~
7
2
-1
9
-1
-1
-1
-1
-1
-1
0
0
0
0
0
0
0
0
0
0
0
-1
-1
63
-1
-1
-1
-1
-1
-1
-1
0
0
0
0
0
0
0
0
0
0
0

find_mount~
riding~
7
mounted fighting~
7
2
-1
-1
-1
-1
15
-1
-1
-1
0
0
0
0
0
0
0
0
0
0
0
-1
-1
-1
-1
-1
70
-1
-1
-1
-1
0
0
0
0
0
0
0
0
0
0
0

obscure~
identify~
8
~
0
2
-1
-1
-1
-1
-1
-1
-1
-1
0
0
0
0
0
0
0
0
0
0
0
-1
99
-1
-1
-1
-1
-1
-1
-1
-1
0
0
0
0
0
0
0
0
0
0
0

cooking~
~
5
~
5
4
3
3
3
3
3
3
3
3
0
0
0
0
0
0
0
0
0
0
0
3
1
1
1
1
1
1
1
1
1
0
0
0
0
0
0
0
0
0
0
0

leatherworking~
~
5
~
5
4
3
3
3
3
3
3
3
3
0
0
0
0
0
0
0
0
0
0
0
3
1
1
1
1
1
1
1
1
1
0
0
0
0
0
0
0
0
0
0
0

metallurgy~
~
5
~
5
4
3
3
3
3
3
3
3
3
0
0
0
0
0
0
0
0
0
0
0
3
1
1
1
1
1
1
1
1
1
0
0
0
0
0
0
0
0
0
0
0

woodworking~
~
5
~
5
4
3
3
3
3
3
2
3
3
0
0
0
0
0
0
0
0
0
0
0
3
1
1
1
1
1
1
1
1
1
0
0
0
0
0
0
0
0
0
0
0

unarmed~
~
0
~
0
0
3
3
2
2
2
2
2
3
0
0
0
0
0
0
0
0
0
0
0
3
1
1
1
1
1
1
1
1
1
0
0
0
0
0
0
0
0
0
0
0

dagger~
~
0
~
0
0
2
-1
1
1
1
1
2
1
0
0
0
0
0
0
0
0
0
0
0
1
1
-2
1
1
1
1
1
1
1
0
0
0
0
0
0
0
0
0
0
0

sword~
dagger~
5
~
5
0
-1
-1
4
3
3
3
-1
-1
0
0
0
0
0
0
0
0
0
0
0
4
-2
-2
1
1
1
1
-2
-2
1
0
0
0
0
0
0
0
0
0
0
0

club~
~
0
~
0
0
-1
4
3
2
2
2
-1
-1
0
0
0
0
0
0
0
0
0
0
0
4
-2
1
1
1
1
1
-2
-2
1
0
0
0
0
0
0
0
0
0
0
0

staff~
~
0
~
0
0
3
2
2
1
1
1
2
3
0
0
0
0
0
0
0
0
0
0
0
2
1
1
1
1
1
1
1
0
1
0
0
0
0
0
0
0
0
0
0
0

polearm~
spear~
5
staff~
5
0
-1
-1
-1
3
4
-1
-1
-1
0
0
0
0
0
0
0
0
0
0
0
-1
-2
-2
-2
1
5
-2
-2
-2
-2
0
0
0
0
0
0
0
0
0
0
0

mace~
club~
5
~
3
0
-1
4
5
2
3
3
-1
7
0
0
0
0
0
0
0
0
0
0
0
5
-2
1
1
1
1
1
-2
-2
1
0
0
0
0
0
0
0
0
0
0
0

whip~
~
0
~
0
0
6
5
5
2
-1
4
4
4
0
0
0
0
0
0
0
0
0
0
0
3
1
1
1
1
-2
1
1
1
1
0
0
0
0
0
0
0
0
0
0
0

axe~
~
0
~
0
0
-1
-1
6
3
4
4
-1
-1
0
0
0
0
0
0
0
0
0
0
0
6
-2
-2
1
1
1
1
-2
-2
1
0
0
0
0
0
0
0
0
0
0
0

bow~
slay~
3
~
3
0
-1
-1
-1
-1
-1
-1
-1
-1
0
0
0
0
0
0
0
0
0
0
0
-1
-2
-2
1
1
1
1
-2
-2
1
0
0
0
0
0
0
0
0
0
0
0

spear~
~
0
~
0
0
-1
-1
4
2
3
3
-1
-1
0
0
0
0
0
0
0
0
0
0
0
4
-1
-1
1
1
1
1
-1
-1
1
0
0
0
0
0
0
0
0
0
0
0

engage~
dodge~
3
~
0
3
-1
-1
5
4
4
4
5
-1
0
0
0
0
0
0
0
0
0
0
0
4
-1
-1
30
25
25
25
30
-1
1
0
0
0
0
0
0
0
0
0
0
0


